867 25902 4463
458 113370 212735 2529
23767 49579
14354 34762
69551 5242
17033 2284 113370 1238 3870
12615 1844 607970
11078 2523
6223 21894
1184 497
2165 3309 35153 23762
6728 4123
4546 18412
7962 13932574 1248 7720
8593 8587
4053 3845 436
39474 243116 12889
5768 2217
456 7818 402
12542 893
37088 45 6715 402
3438 556
3824 4013
9701 3833
11485 10951
39901 7910 1184 2469 874 458
131389 6743
13909 4223
4457 412
65 158383 897 458
93012 6258
6984 31595 9616
294024 4477
590403 82 134574 61395
28969 8739 4023
713 5535 5038
87049 11277 80252 3724
29435 75907
5768 46486
2829 27156
302220 636 13610 3937
458 9211 4005 8128
88 1344 27 2533 3972
7853 7251
39901 6727 16554 30475
14502 888 19589 30239
15189 5787
4005 4121 8953 8954
24763 15381 2202 27427
39901 82 370